---
kirimon382: 420372049488
ZIkirimon382: 439108046132.701538
levelkirimon382: 186
NAGISA1125dayo: 599950217947172675
ZINAGISA1125dayo: 64656635732.402412
levelNAGISA1125dayo: 33601
kiyoteru1213: 3532857
ZIkiyoteru1213: 1000
levelkiyoteru1213: 1
asan9686: 64919
ZIasan9686: 71402.749387
levelasan9686: 22
Midoriyama3: 203320674
ZIMidoriyama3: 210140003.998385
levelMidoriyama3: 105
minazuki0629: 107699466
ZIminazuki0629: 113879358.180350
levelminazuki0629: 98
ajgdpjp3: 129987715
ZIajgdpjp3: 136268293.998385
levelajgdpjp3: 100
jinkami1412: 6802254
ZIjinkami1412: 7169517.789088
leveljinkami1412: 69
renren0806: 363015
ZIrenren0806: 364043.434448
levelrenren0806: 38
pokimaru810: 8181308
ZIpokimaru810: 8677216.524794
levelpokimaru810: 71
freetanpanman1: 170681472
ZIfreetanpanman1: 176319293.998385
levelfreetanpanman1: 103
keigo0813: 2696006
ZIkeigo0813: 2758014.904922
levelkeigo0813: 59
himajin9393: 952
ZIhimajin9393: 1000
levelhimajin9393: 1
pearlDAYO2: 1372630592
ZIpearlDAYO2: 1457367655.063380
levelpearlDAYO2: 126
yumi1111: 23329591
ZIyumi1111: 24775642.596484
levelyumi1111: 82
aqua0Z: 27362592
ZIaqua0Z: 29980627.541746
levelaqua0Z: 84
NKGISA: 990767908
ZINKGISA: 1000241561.579147
levelNKGISA: 122
WASABI0526: 1839304
ZIWASABI0526: 1880591.424713
levelWASABI0526: 55
shinon0818: 568792
ZIshinon0818: 592400.691612
levelshinon0818: 43
Ryuki20001: 22155994851407044608.000000
ZIRyuki20001: 134834060649.366501
levelRyuki20001: 70001
mitsuki0321: 722036058
ZImitsuki0321: 726430628.253128
levelmitsuki0321: 493
Radish12345a: 152346444
ZIRadish12345a: 153186221.391734
levelRadish12345a: 177
MKRN1132: 3173885
ZIMKRN1132: 3339298.034956
levelMKRN1132: 61
Uzunuk0: 977
ZIUzunuk0: 1000
levelUzunuk0: 1
tom00177: 75699653
ZItom00177: 77777964.060071
leveltom00177: 94
DeathTroy re: 847116279
ZIDeathTroy re: 847371273.367383
levelDeathTroy re: 566
hayate2004: 10555126
ZIhayate2004: 11552685.194501
levelhayate2004: 74
skynekonyan110: 15265404
ZIskynekonyan110: 15379933.993880
levelskynekonyan110: 77
tomchaan: 416278
ZItomchaan: 442592.555682
leveltomchaan: 40
yosshiy263: 19448066
ZIyosshiy263: 20474002.145855
levelyosshiy263: 80
manari02kokoa: 2424958
ZImanari02kokoa: 2506377.186293
levelmanari02kokoa: 58
keigo sento1225: 353256
ZIkeigo sento1225: 1000
levelkeigo sento1225: 1
Shuriken110: 731622
ZIShuriken110: 791795.320536
levelShuriken110: 46
maimon128: 1263261
ZImaimon128: 1281299.381677
levelmaimon128: 51
aikayu1op: 1348985
ZIaikayu1op: 1410429.319844
levelaikayu1op: 52
...
