---
NAGISA1125dayo: 599950217945522702
ZINAGISA1125dayo: 1000
levelNAGISA1125dayo: 1
Radish12345a: 69396476
ZIRadish12345a: 70706330.963701
levelRadish12345a: 93
mitsuki0321: 16808288806142374
ZImitsuki0321: 1029109557519395.500000
levelmitsuki0321: 841
...
