---
kirimon382: 420372049067
ZIkirimon382: 1000
levelkirimon382: 1
NKGISA: 980799426
ZINKGISA: 1034243910.989503
levelNKGISA: 600
ajgdpjp3: 105906577
ZIajgdpjp3: 113879358.180350
levelajgdpjp3: 98
pearlDAYO2: 1375186322
ZIpearlDAYO2: 1419834157.785949
levelpearlDAYO2: 800
shinon0818: 550038
ZIshinon0818: 592400.691612
levelshinon0818: 43
keigo0813: 2362517
ZIkeigo0813: 2506377.186293
levelkeigo0813: 58
Radish12345a: 52942477
ZIRadish12345a: 1000
levelRadish12345a: 1
skynekonyan110: 15877229
ZIskynekonyan110: 16918927.393268
levelskynekonyan110: 78
Midoriyama3: 182893886
ZIMidoriyama3: 184557499.560642
levelMidoriyama3: 188
NAGISA1125dayo: 599950217945522981
ZINAGISA1125dayo: 648654764.193056
levelNAGISA1125dayo: 401
tom00177: 74585457
ZItom00177: 77777964.060071
leveltom00177: 94
manari02kokoa: 2393209
ZImanari02kokoa: 2506377.186293
levelmanari02kokoa: 58
...
