---
kirimon382: 1000
levelkirimon382: 100
countkirimon382: 0
hpkirimon382: 0
upkirimon382: false
NKGISA: 55000000.000000
levelNKGISA: 700
countNKGISA: 6
hpNKGISA: 1798
upNKGISA: true
ajgdpjp3: 10353578.016395
levelajgdpjp3: 100
countajgdpjp3: 0
hpajgdpjp3: 194
upajgdpjp3: false
pearlDAYO2: 55000000.000000
levelpearlDAYO2: 900
countpearlDAYO2: 8
hppearlDAYO2: 2198
uppearlDAYO2: true
shinon0818: 54763.699237
levelshinon0818: 100
countshinon0818: 0
hpshinon0818: 84
upshinon0818: false
keigo0813: 228761.562390
levelkeigo0813: 100
countkeigo0813: 0
hpkeigo0813: 114
upkeigo0813: false
Radish12345a: 1000
levelRadish12345a: 100
countRadish12345a: 0
hpRadish12345a: 0
upRadish12345a: false
skynekonyan110: 1538993.399388
levelskynekonyan110: 100
countskynekonyan110: 0
hpskynekonyan110: 154
upskynekonyan110: false
Midoriyama3: 4390927.778387
levelMidoriyama3: 200
countMidoriyama3: 1
hpMidoriyama3: 463
upMidoriyama3: false
NAGISA1125dayo: 1100.000000
levelNAGISA1125dayo: 500
countNAGISA1125dayo: 4
hpNAGISA1125dayo: 1400
upNAGISA1125dayo: false
tom00177: 7071633.096370
leveltom00177: 100
counttom00177: 0
hptom00177: 186
uptom00177: false
manari02kokoa: 228761.562390
levelmanari02kokoa: 100
countmanari02kokoa: 0
hpmanari02kokoa: 114
upmanari02kokoa: false
...
